637566989  20.934
637632525  24.1258
637569037  21.7132
637634573  24.8049
637567117  20.934
637632653  24.1258
637569165  21.7132
637634701  24.8049
637567245  20.934
637632781  24.1258
637569293  21.7132
637634829  24.8049
637567373  20.934
637632909  24.1258
637569421  21.7132
637634957  24.8049
637567501  20.934
637633037  24.1258
637569549  21.7132
637635085  24.8049
637567629  20.934
637633165  24.1258
637569677  21.7132
637635213  24.8049
637567757  20.934
637633293  24.1258
637569805  21.7132
637635341  24.8049
637567885  20.934
637633421  24.1258
637569933  21.7132
637635469  24.8049
637568013  20.934
637633549  24.1258
637570061  21.7132
637635597  24.8049
637568141  20.934
637633677  24.1258
637570189  21.7132
637635725  24.8049
637568269  20.934
637633805  24.1258
637570317  21.7132
637635853  24.8049
637568397  20.934
637633933  24.1258
637570445  21.7132
637635981  24.8049
637567021  22.7863
637632557  25.7495
637569069  23.2092
637601837  24.9901
637634605  27.0144
637567149  22.7863
637632685  25.7495
637569197  23.2092
637601965  24.9901
637634733  27.0144
637567277  22.7863
637632813  25.7495
637569325  23.2092
637602093  24.9901
637634861  27.0144
637567405  22.7863
637632941  25.7495
637569453  23.2092
637602221  24.9901
637634989  27.0144
637567533  22.7863
637633069  25.7495
637569581  23.2092
637602349  24.9901
637635117  27.0144
637567661  22.7863
637633197  25.7495
637569709  23.2092
637602477  24.9901
637635245  27.0144
637567789  22.7863
637633325  25.7495
637569837  23.2092
637602605  24.9901
637635373  27.0144
637567917  22.7863
637633453  25.7495
637569965  23.2092
637602733  24.9901
637635501  27.0144
637568045  22.7863
637633581  25.7495
637570093  23.2092
637602861  24.9901
637635629  27.0144
637568173  22.7863
637633709  25.7495
637570221  23.2092
637602989  24.9901
637635757  27.0144
637568301  22.7863
637633837  25.7495
637570349  23.2092
637603117  24.9901
637635885  27.0144
637568429  22.7863
637633965  25.7495
637570477  23.2092
637603245  24.9901
637636013  27.0144
637567053  25.5587
637571149  25.6786
637632589  28.2324
637636685  28.341
637567181  25.5587
637571277  25.6786
637632717  28.2324
637636813  28.341
637567309  25.5587
637571405  25.6786
637632845  28.2324
637636941  28.341
637567437  25.5587
637571533  25.6786
637632973  28.2324
637637069  28.341
637567565  25.5587
637571661  25.6786
637633101  28.2324
637637197  28.341
637567693  25.5587
637571789  25.6786
637633229  28.2324
637637325  28.341
637567821  25.5587
637571917  25.6786
637633357  28.2324
637637453  28.341
637567949  25.5587
637572045  25.6786
637633485  28.2324
637637581  28.341
637568077  25.5587
637572173  25.6786
637633613  28.2324
637637709  28.341
637568205  25.5587
637572301  25.6786
637633741  28.2324
637637837  28.341
637568333  25.5587
637572429  25.6786
637633869  28.2324
637637965  28.341
637568461  25.5587
637572557  25.6786
637633997  28.2324
637638093  28.341
637567085  28.9733
637571181  28.2602
637632621  31.3572
637636717  30.6995
637567213  28.9733
637571309  28.2602
637632749  31.3572
637636845  30.6995
637567341  28.9733
637571437  28.2602
637632877  31.3572
637636973  30.6995
637567469  29.3326
637571565  28.4033
637633005  31.6895
637637101  30.8313
637575661  28.4033
637579757  29.3326
637641197  30.8313
637645293  31.6895
637567597  28.2602
637571693  28.9733
637633133  30.6995
637637229  31.3572
637567725  28.2602
637571821  28.9733
637633261  30.6995
637637357  31.3572
637567853  28.2602
637571949  28.9733
637633389  30.6995
637637485  31.3572
637572077  28.8008
637567981  28.2602
637637613  31.1978
637633517  30.6995
637568109  28.3276
637633645  30.7615
637568237  28.6138
637633773  31.0254
637572333  28.6138
637637869  31.0254
637568365  28.3276
637633901  30.7615
637568493  28.8008
637572589  28.2602
637634029  31.1978
637638125  30.6995
637566993  15.4489
637632529  17.6235
637569041  16.4893
637634577  18.5423
637567121  15.4489
637632657  17.6235
637569169  16.4893
637634705  18.5423
637567249  15.9045
637632785  17.8263
637569297  16.9169
637634833  18.7352
637567377  15.4489
637632913  17.6235
637569425  16.4893
637634961  18.5423
637567505  15.4489
637633041  17.6235
637569553  16.4893
637635089  18.5423
637567633  15.4489
637633169  17.6235
637569681  16.4893
637635217  18.5423
637567761  15.4489
637633297  17.6235
637569809  16.4893
637635345  18.5423
637567889  15.4489
637633425  17.6235
637569937  16.4893
637635473  18.5423
637568017  15.4489
637633553  17.6235
637570065  16.4893
637635601  18.5423
637568145  15.4489
637633681  17.6235
637570193  16.4893
637635729  18.5423
637568273  15.4489
637633809  17.6235
637570321  16.4893
637635857  18.5423
637568401  15.4489
637633937  17.6235
637570449  16.4893
637635985  18.5423
637567025  17.6346
637599793  18.7156
637632561  20.163
637569073  18.963
637634609  20.7729
637567153  17.6346
637599921  18.7156
637632689  20.163
637569201  18.963
637634737  20.7729
637567281  17.999
637600049  19.0298
637632817  20.3512
637569329  19.336
637634865  20.9453
637567409  17.6346
637600177  18.7156
637632945  20.163
637569457  18.963
637634993  20.7729
637567537  17.6346
637600305  18.7156
637633073  20.163
637569585  18.963
637635121  20.7729
637567665  17.6346
637600433  18.7156
637633201  20.163
637569713  18.963
637635249  20.7729
637567793  17.6346
637600561  18.7156
637633329  20.163
637569841  18.963
637635377  20.7729
637567921  17.6346
637600689  18.7156
637633457  20.163
637569969  18.963
637635505  20.7729
637568049  17.6346
637600817  18.7156
637633585  20.163
637570097  18.963
637635633  20.7729
637568177  17.6346
637600945  18.7156
637633713  20.163
637570225  18.963
637635761  20.7729
637568305  17.6346
637601073  18.7156
637633841  20.163
637570353  18.963
637635889  20.7729
637568433  17.6346
637601201  18.7156
637633969  20.163
637570481  18.963
637636017  20.7729
637567057  21.2999
637571153  21.4436
637632593  22.9261
637636689  23.0596
637567185  21.2999
637571281  21.4436
637632721  22.9261
637636817  23.0596
637567313  21.6326
637571409  21.7741
637632849  23.0824
637636945  23.215
637567441  21.2999
637571537  21.4436
637632977  22.9261
637637073  23.0596
637567569  21.2999
637571665  21.4436
637633105  22.9261
637637201  23.0596
637567697  21.2999
637571793  21.4436
637633233  22.9261
637637329  23.0596
637567825  21.2999
637571921  21.4436
637633361  22.9261
637637457  23.0596
637567953  21.2999
637572049  21.4436
637633489  22.9261
637637585  23.0596
637568081  21.2999
637572177  21.4436
637633617  22.9261
637637713  23.0596
637568209  21.2999
637572305  21.4436
637633745  22.9261
637637841  23.0596
637568337  21.2999
637572433  21.4436
637633873  22.9261
637637969  23.0596
637568465  21.2999
637572561  21.4436
637634001  22.9261
637638097  23.0596
637567089  25.296
637571185  24.476
637632625  26.6797
637636721  25.9036
637567217  25.296
637571313  24.476
637632753  26.6797
637636849  25.9036
637567345  25.5768
637571441  24.7661
637632881  26.8141
637636977  26.042
637567473  25.7068
637571569  24.641
637633009  27.0695
637637105  26.0596
637575665  24.641
637579761  25.7068
637641201  26.0596
637645297  27.0695
637567601  24.476
637571697  25.296
637633137  25.9036
637637233  26.6797
637567729  24.476
637571825  25.296
637633265  25.9036
637637361  26.6797
637567857  24.476
637571953  25.296
637633393  25.9036
637637489  26.6797
637572081  25.0982
637567985  24.476
637637617  26.4923
637633521  25.9036
637568113  24.5538
637633649  25.9771
637568241  24.8835
637633777  26.2889
637572337  24.8835
637637873  26.2889
637568369  24.5538
637633905  25.9771
637568497  25.0982
637572593  24.476
637634033  26.4923
637638129  25.9036
637566997  14.0178
637632533  13.9896
637569045  15.1568
637634581  15.1306
637567509  14.0178
637633045  13.9896
637569557  15.1568
637635093  15.1306
637568021  14.0178
637633557  13.9896
637570069  15.1568
637635605  15.1306
637567125  14.0178
637632661  13.9896
637569173  15.1568
637634709  15.1306
637567637  14.0178
637633173  13.9896
637569685  15.1568
637635221  15.1306
637568149  14.0178
637633685  13.9896
637570197  15.1568
637635733  15.1306
637567253  14.0178
637632789  13.9896
637569301  15.1568
637634837  15.1306
637567765  14.0178
637633301  13.9896
637569813  15.1568
637635349  15.1306
637568277  14.0178
637633813  13.9896
637570325  15.1568
637635861  15.1306
637567381  14.0178
637632917  13.9896
637569429  15.1568
637634965  15.1306
637567893  14.0178
637633429  13.9896
637569941  15.1568
637635477  15.1306
637568405  14.0178
637633941  13.9896
637570453  15.1568
637635989  15.1306
637567029  16.756
637599797  16.5223
637632565  16.7246
637569077  17.8164
637634613  17.7942
637567541  16.756
637600309  16.5223
637633077  16.7246
637569589  17.8164
637635125  17.7942
637568053  16.756
637600821  16.5223
637633589  16.7246
637570101  17.8164
637635637  17.7942
637567157  16.756
637599925  16.5223
637632693  16.7246
637569205  17.8164
637634741  17.7942
637567669  16.756
637600437  16.5223
637633205  16.7246
637569717  17.8164
637635253  17.7942
637568181  16.756
637600949  16.5223
637633717  16.7246
637570229  17.8164
637635765  17.7942
637567285  16.756
637600053  16.5223
637632821  16.7246
637569333  17.8164
637634869  17.7942
637567797  16.756
637600565  16.5223
637633333  16.7246
637569845  17.8164
637635381  17.7942
637568309  16.756
637601077  16.5223
637633845  16.7246
637570357  17.8164
637635893  17.7942
637567413  16.756
637600181  16.5223
637632949  16.7246
637569461  17.8164
637634997  17.7942
637567925  16.756
637600693  16.5223
637633461  16.7246
637569973  17.8164
637635509  17.7942
637568437  16.756
637601205  16.5223
637633973  16.7246
637570485  17.8164
637636021  17.7942
637567061  20.2859
637571157  20.4367
637632597  20.2663
637636693  20.4173
637567573  20.2859
637571669  20.4367
637633109  20.2663
637637205  20.4173
637568085  20.2859
637572181  20.4367
637633621  20.2663
637637717  20.4173
637567189  20.2859
637571285  20.4367
637632725  20.2663
637636821  20.4173
637567701  20.2859
637571797  20.4367
637633237  20.2663
637637333  20.4173
637568213  20.2859
637572309  20.4367
637633749  20.2663
637637845  20.4173
637567317  20.2859
637571413  20.4367
637632853  20.2663
637636949  20.4173
637567829  20.2859
637571925  20.4367
637633365  20.2663
637637461  20.4173
637568341  20.2859
637572437  20.4367
637633877  20.2663
637637973  20.4173
637567445  20.2859
637571541  20.4367
637632981  20.2663
637637077  20.4173
637567957  20.2859
637572053  20.4367
637633493  20.2663
637637589  20.4173
637568469  20.2859
637572565  20.4367
637634005  20.2663
637638101  20.4173
637567093  24.4483
637571189  23.5989
637632629  24.4321
637636725  23.5821
637567221  24.4483
637571317  23.5989
637632757  24.4321
637636853  23.5821
637567349  24.4483
637571445  23.5989
637632885  24.4321
637636981  23.5821
637567477  24.8731
637571573  23.77
637633013  24.8572
637637109  23.7533
637575669  23.77
637579765  24.8731
637641205  23.7533
637645301  24.8572
637567605  23.5989
637571701  24.4483
637633141  23.5821
637637237  24.4321
637567733  23.5989
637571829  24.4483
637633269  23.5821
637637365  24.4321
637567861  23.5989
637571957  24.4483
637633397  23.5821
637637493  24.4321
637572085  24.2436
637567989  23.5989
637637621  24.2272
637633525  23.5821
637568117  23.6795
637633653  23.6628
637568245  24.0212
637633781  24.0047
637572341  24.0212
637637877  24.0047
637568373  23.6795
637633909  23.6628
637568501  24.2436
637572597  23.5989
637634037  24.2272
637638133  23.5821
637567001  15.4489
637632537  17.6235
637569049  16.4893
637634585  18.5423
637567129  15.4489
637632665  17.6235
637569177  16.4893
637634713  18.5423
637567257  15.4489
637632793  17.6235
637569305  16.4893
637634841  18.5423
637567385  15.9045
637632921  17.8263
637569433  16.9169
637634969  18.7352
637567513  15.4489
637633049  17.6235
637569561  16.4893
637635097  18.5423
637567641  15.4489
637633177  17.6235
637569689  16.4893
637635225  18.5423
637567769  15.4489
637633305  17.6235
637569817  16.4893
637635353  18.5423
637567897  15.4489
637633433  17.6235
637569945  16.4893
637635481  18.5423
637568025  15.4489
637633561  17.6235
637570073  16.4893
637635609  18.5423
637568153  15.4489
637633689  17.6235
637570201  16.4893
637635737  18.5423
637568281  15.4489
637633817  17.6235
637570329  16.4893
637635865  18.5423
637568409  15.4489
637633945  17.6235
637570457  16.4893
637635993  18.5423
637567033  17.6346
637599801  18.7156
637632569  20.163
637569081  18.963
637634617  20.7729
637567161  17.6346
637599929  18.7156
637632697  20.163
637569209  18.963
637634745  20.7729
637567289  17.6346
637600057  18.7156
637632825  20.163
637569337  18.963
637634873  20.7729
637567417  17.999
637600185  19.0298
637632953  20.3512
637569465  19.336
637635001  20.9453
637567545  17.6346
637600313  18.7156
637633081  20.163
637569593  18.963
637635129  20.7729
637567673  17.6346
637600441  18.7156
637633209  20.163
637569721  18.963
637635257  20.7729
637567801  17.6346
637600569  18.7156
637633337  20.163
637569849  18.963
637635385  20.7729
637567929  17.6346
637600697  18.7156
637633465  20.163
637569977  18.963
637635513  20.7729
637568057  17.6346
637600825  18.7156
637633593  20.163
637570105  18.963
637635641  20.7729
637568185  17.6346
637600953  18.7156
637633721  20.163
637570233  18.963
637635769  20.7729
637568313  17.6346
637601081  18.7156
637633849  20.163
637570361  18.963
637635897  20.7729
637568441  17.6346
637601209  18.7156
637633977  20.163
637570489  18.963
637636025  20.7729
637567065  21.2999
637571161  21.4436
637632601  22.9261
637636697  23.0596
637567193  21.2999
637571289  21.4436
637632729  22.9261
637636825  23.0596
637567321  21.2999
637571417  21.4436
637632857  22.9261
637636953  23.0596
637567449  21.6326
637571545  21.7741
637632985  23.0824
637637081  23.215
637567577  21.2999
637571673  21.4436
637633113  22.9261
637637209  23.0596
637567705  21.2999
637571801  21.4436
637633241  22.9261
637637337  23.0596
637567833  21.2999
637571929  21.4436
637633369  22.9261
637637465  23.0596
637567961  21.2999
637572057  21.4436
637633497  22.9261
637637593  23.0596
637568089  21.2999
637572185  21.4436
637633625  22.9261
637637721  23.0596
637568217  21.2999
637572313  21.4436
637633753  22.9261
637637849  23.0596
637568345  21.2999
637572441  21.4436
637633881  22.9261
637637977  23.0596
637568473  21.2999
637572569  21.4436
637634009  22.9261
637638105  23.0596
637567097  25.296
637571193  24.476
637632633  26.6797
637636729  25.9036
637567225  25.296
637571321  24.476
637632761  26.6797
637636857  25.9036
637567353  25.296
637571449  24.476
637632889  26.6797
637636985  25.9036
637567481  25.9832
637571577  24.9292
637633017  27.202
637637113  26.1972
637575673  24.9292
637579769  25.9832
637641209  26.1972
637645305  27.202
637567609  24.476
637571705  25.296
637633145  25.9036
637637241  26.6797
637567737  24.476
637571833  25.296
637633273  25.9036
637637369  26.6797
637567865  24.476
637571961  25.296
637633401  25.9036
637637497  26.6797
637572089  25.0982
637567993  24.476
637637625  26.4923
637633529  25.9036
637568121  24.5538
637633657  25.9771
637568249  24.8835
637633785  26.2889
637572345  24.8835
637637881  26.2889
637568377  24.5538
637633913  25.9771
637568505  25.0982
637572601  24.476
637634041  26.4923
637638137  25.9036
637567005  20.934
637632541  24.1258
637569053  21.7132
637634589  24.8049
637567133  20.934
637632669  24.1258
637569181  21.7132
637634717  24.8049
637567261  20.934
637632797  24.1258
637569309  21.7132
637634845  24.8049
637567389  20.934
637632925  24.1258
637569437  21.7132
637634973  24.8049
637567517  20.934
637633053  24.1258
637569565  21.7132
637635101  24.8049
637567645  20.934
637633181  24.1258
637569693  21.7132
637635229  24.8049
637567773  20.934
637633309  24.1258
637569821  21.7132
637635357  24.8049
637567901  20.934
637633437  24.1258
637569949  21.7132
637635485  24.8049
637568029  20.934
637633565  24.1258
637570077  21.7132
637635613  24.8049
637568157  20.934
637633693  24.1258
637570205  21.7132
637635741  24.8049
637568285  20.934
637633821  24.1258
637570333  21.7132
637635869  24.8049
637568413  20.934
637633949  24.1258
637570461  21.7132
637635997  24.8049
637569085  23.2092
637601853  24.9901
637634621  27.0144
637567037  22.7863
637632573  25.7495
637569213  23.2092
637601981  24.9901
637634749  27.0144
637567165  22.7863
637632701  25.7495
637569341  23.2092
637602109  24.9901
637634877  27.0144
637567293  22.7863
637632829  25.7495
637569469  23.2092
637602237  24.9901
637635005  27.0144
637567421  22.7863
637632957  25.7495
637569597  23.2092
637602365  24.9901
637635133  27.0144
637567549  22.7863
637633085  25.7495
637569725  23.2092
637602493  24.9901
637635261  27.0144
637567677  22.7863
637633213  25.7495
637569853  23.2092
637602621  24.9901
637635389  27.0144
637567805  22.7863
637633341  25.7495
637569981  23.2092
637602749  24.9901
637635517  27.0144
637567933  22.7863
637633469  25.7495
637570109  23.2092
637602877  24.9901
637635645  27.0144
637568061  22.7863
637633597  25.7495
637570237  23.2092
637603005  24.9901
637635773  27.0144
637568189  22.7863
637633725  25.7495
637570365  23.2092
637603133  24.9901
637635901  27.0144
637568317  22.7863
637633853  25.7495
637570493  23.2092
637603261  24.9901
637636029  27.0144
637568445  22.7863
637633981  25.7495
637567069  25.5587
637571165  25.6786
637632605  28.2324
637636701  28.341
637567197  25.5587
637571293  25.6786
637632733  28.2324
637636829  28.341
637567325  25.5587
637571421  25.6786
637632861  28.2324
637636957  28.341
637567453  25.5587
637571549  25.6786
637632989  28.2324
637637085  28.341
637567581  25.5587
637571677  25.6786
637633117  28.2324
637637213  28.341
637567709  25.5587
637571805  25.6786
637633245  28.2324
637637341  28.341
637567837  25.5587
637571933  25.6786
637633373  28.2324
637637469  28.341
637567965  25.5587
637572061  25.6786
637633501  28.2324
637637597  28.341
637568093  25.5587
637572189  25.6786
637633629  28.2324
637637725  28.341
637568221  25.5587
637572317  25.6786
637633757  28.2324
637637853  28.341
637568349  25.5587
637572445  25.6786
637633885  28.2324
637637981  28.341
637568477  25.5587
637572573  25.6786
637634013  28.2324
637638109  28.341
637567101  28.9733
637571197  28.2602
637632637  31.3572
637636733  30.6995
637567229  28.9733
637571325  28.2602
637632765  31.3572
637636861  30.6995
637567357  28.9733
637571453  28.2602
637632893  31.3572
637636989  30.6995
637567485  29.3326
637571581  28.4033
637633021  31.6895
637637117  30.8313
637575677  28.4033
637579773  29.3326
637641213  30.8313
637645309  31.6895
637567613  28.2602
637571709  28.9733
637633149  30.6995
637637245  31.3572
637567741  28.2602
637571837  28.9733
637633277  30.6995
637637373  31.3572
637567869  28.2602
637571965  28.9733
637633405  30.6995
637637501  31.3572
637572093  28.8008
637567997  28.2602
637637629  31.1978
637633533  30.6995
637568125  28.3276
637633661  30.7615
637568253  28.6138
637633789  31.0254
637572349  28.6138
637637885  31.0254
637568381  28.3276
637633917  30.7615
637568509  28.8008
637572605  28.2602
637634045  31.1978
637638141  30.6995
637575174  28.2193
637607942  27.3653
637640710  26.4224
637583366  28.2193
637616134  27.3653
637648902  26.4224
637567110  28.2193
637599878  27.3653
637632646  26.4224
637575302  28.2193
637608070  27.3653
637640838  26.4224
637583494  28.2193
637616262  27.3653
637649030  26.4224
637567238  28.2193
637600006  27.3653
637632774  26.4224
637575430  28.2193
637608198  27.3653
637640966  26.4224
637583622  28.2193
637616390  27.3653
637649158  26.4224
637567366  28.2193
637600134  27.3653
637632902  26.4224
637575558  28.2193
637608326  27.3653
637641094  26.4224
637583750  28.2193
637616518  27.3653
637649286  26.4224
637567494  28.2193
637600262  27.3653
637633030  26.4224
637575686  28.2193
637608454  27.3653
637641222  26.4224
637583878  28.2193
637616646  27.3653
637649414  26.4224
637567622  28.2193
637600390  27.3653
637633158  26.4224
637575814  28.2193
637608582  27.3653
637641350  26.4224
637584006  28.2193
637616774  27.3653
637649542  26.4224
637566982  28.2193
637599750  27.3653
637632518  26.4224
637571078  27.3367
637603846  26.4542
637636614  25.4776
637579270  27.3367
637612038  26.4542
637644806  25.4776
637587462  27.3367
637620230  26.4542
637652998  25.4776
637571206  27.3367
637603974  26.4542
637636742  25.4776
637579398  27.3367
637612166  26.4542
637644934  25.4776
637587590  27.3367
637620358  26.4542
637653126  25.4776
637571334  27.3367
637604102  26.4542
637636870  25.4776
637579526  27.3367
637612294  26.4542
637645062  25.4776
637587718  27.3367
637620486  26.4542
637653254  25.4776
637571462  27.3367
637604230  26.4542
637636998  25.4776
637579654  27.3367
637612422  26.4542
637645190  25.4776
637587846  27.3367
637620614  26.4542
637653382  25.4776
637571590  27.3367
637604358  26.4542
637637126  25.4776
637579782  27.3367
637612550  26.4542
637645318  25.4776
637587974  27.3367
637620742  26.4542
637653510  25.4776
637571718  27.3367
637604486  26.4542
637637254  25.4776
637579910  27.3367
637612678  26.4542
637645446  25.4776
637588102  27.3367
637620870  26.4542
637653638  25.4776
637571082  32.4978
637603850  31.1932
637636618  29.804
637579274  32.4978
637612042  31.1932
637644810  29.804
637587466  32.4978
637620234  31.1932
637653002  29.804
637571210  32.4978
637603978  31.1932
637636746  29.804
637579402  32.4978
637612170  31.1932
637644938  29.804
637587594  32.4978
637620362  31.1932
637653130  29.804
637571338  32.4978
637604106  31.1932
637636874  29.804
637579530  32.4978
637612298  31.1932
637645066  29.804
637587722  32.4978
637620490  31.1932
637653258  29.804
637571466  32.4978
637604234  31.1932
637637002  29.804
637579658  32.4978
637612426  31.1932
637645194  29.804
637587850  32.4978
637620618  31.1932
637653386  29.804
637571594  32.4978
637604362  31.1932
637637130  29.804
637579786  32.4978
637612554  31.1932
637645322  29.804
637587978  32.4978
637620746  31.1932
637653514  29.804
637571722  32.4978
637604490  31.1932
637637258  29.804
637579914  32.4978
637612682  31.1932
637645450  29.804
637588106  32.4978
637620874  31.1932
637653642  29.804
637575178  32.6057
637607946  31.3056
637640714  29.9216
637583370  32.6057
637616138  31.3056
637648906  29.9216
637567114  32.6057
637599882  31.3056
637632650  29.9216
637575306  32.6057
637608074  31.3056
637640842  29.9216
637583498  32.6057
637616266  31.3056
637649034  29.9216
637567242  32.6057
637600010  31.3056
637632778  29.9216
637575434  32.6057
637608202  31.3056
637640970  29.9216
637583626  32.6057
637616394  31.3056
637649162  29.9216
637567370  32.6057
637600138  31.3056
637632906  29.9216
637575562  32.6057
637608330  31.3056
637641098  29.9216
637583754  32.6057
637616522  31.3056
637649290  29.9216
637567498  32.6057
637600266  31.3056
637633034  29.9216
637575690  32.6057
637608458  31.3056
637641226  29.9216
637583882  32.6057
637616650  31.3056
637649418  29.9216
637567626  32.6057
637600394  31.3056
637633162  29.9216
637575818  32.6057
637608586  31.3056
637641354  29.9216
637584010  32.6057
637616778  31.3056
637649546  29.9216
637566986  32.6057
637599754  31.3056
637632522  29.9216
637571110  30.5694
637603878  29.619
637636646  28.865
637571114  34.4713
637603882  33.1139
637636650  31.7663
637579302  30.5694
637612070  29.619
637644838  28.865
637579306  34.4713
637612074  33.1139
637644842  31.7663
637587494  30.5694
637620262  29.619
637653030  28.865
637587498  34.4713
637620266  33.1139
637653034  31.7663
637571238  30.5694
637604006  29.619
637636774  28.865
637571242  34.4713
637604010  33.1139
637636778  31.7663
637579430  30.5694
637612198  29.619
637644966  28.865
637579434  34.4713
637612202  33.1139
637644970  31.7663
637587622  30.5694
637620390  29.619
637653158  28.865
637587626  34.4713
637620394  33.1139
637653162  31.7663
637571366  30.5694
637604134  29.619
637636902  28.865
637571370  34.4713
637604138  33.1139
637636906  31.7663
637579558  30.5694
637612326  29.619
637645094  28.865
637579562  34.4713
637612330  33.1139
637645098  31.7663
637587750  30.5694
637620518  29.619
637653286  28.865
637587754  34.4713
637620522  33.1139
637653290  31.7663
637571494  30.5694
637604262  29.619
637637030  28.865
637571498  34.4713
637604266  33.1139
637637034  31.7663
637579686  30.5694
637612454  29.619
637645222  28.865
637579690  34.4713
637612458  33.1139
637645226  31.7663
637587878  30.5694
637620646  29.619
637653414  28.865
637587882  34.4713
637620650  33.1139
637653418  31.7663
637571622  30.5694
637604390  29.619
637637158  28.865
637571626  34.4713
637604394  33.1139
637637162  31.7663
637579814  30.5694
637612582  29.619
637645350  28.865
637579818  34.4713
637612586  33.1139
637645354  31.7663
637588006  30.5694
637620774  29.619
637653542  28.865
637588010  34.4713
637620778  33.1139
637653546  31.7663
637571750  30.5694
637604518  29.619
637637286  28.865
637571754  34.4713
637604522  33.1139
637637290  31.7663
637579942  30.5694
637612710  29.619
637645478  28.865
637579946  34.4713
637612714  33.1139
637645482  31.7663
637588134  30.5694
637620902  29.619
637653670  28.865
637588138  34.4713
637620906  33.1139
637653674  31.7663
637575206  30.6958
637607974  29.7495
637640742  28.9989
637575210  34.5834
637607978  33.2306
637640746  31.888
637583398  30.6958
637616166  29.7495
637648934  28.9989
637583402  34.5834
637616170  33.2306
637648938  31.888
637567142  30.6958
637599910  29.7495
637632678  28.9989
637567146  34.5834
637599914  33.2306
637632682  31.888
637575334  30.6958
637608102  29.7495
637640870  28.9989
637575338  34.5834
637608106  33.2307
637640874  31.888
637583526  30.6958
637616294  29.7495
637649062  28.9989
637583530  34.5834
637616298  33.2307
637649066  31.888
637567270  30.6958
637600038  29.7495
637632806  28.9989
637567274  34.5834
637600042  33.2306
637632810  31.888
637575462  30.6958
637608230  29.7495
637640998  28.9989
637575466  34.5834
637608234  33.2306
637641002  31.888
637583654  30.6958
637616422  29.7495
637649190  28.9989
637583658  34.5834
637616426  33.2306
637649194  31.888
637567398  30.6958
637600166  29.7495
637632934  28.9989
637567402  34.5834
637600170  33.2306
637632938  31.888
637575590  30.6958
637608358  29.7495
637641126  28.9989
637575594  34.5834
637608362  33.2306
637641130  31.888
637583782  30.6958
637616550  29.7495
637649318  28.9989
637583786  34.5834
637616554  33.2306
637649322  31.888
637567526  30.6958
637600294  29.7495
637633062  28.9989
637567530  34.5834
637600298  33.2306
637633066  31.888
637575718  30.6958
637608486  29.7495
637641254  28.9989
637575722  34.5834
637608490  33.2307
637641258  31.888
637583910  30.6958
637616678  29.7495
637649446  28.9989
637583914  34.5834
637616682  33.2307
637649450  31.888
637567654  30.6958
637600422  29.7495
637633190  28.9989
637567658  34.5834
637600426  33.2306
637633194  31.888
637575846  30.6958
637608614  29.7495
637641382  28.9989
637575850  34.5834
637608618  33.2306
637641386  31.888
637584038  30.6958
637616806  29.7495
637649574  28.9989
637584042  34.5834
637616810  33.2306
637649578  31.888
637567014  30.6958
637599782  29.7495
637632550  28.9989
637567018  34.5834
637599786  33.2306
637632554  31.888
637571142  35.9278
637603910  35.1228
637636678  34.4893
637571146  39.3013
637603914  38.1163
637636682  36.9516
637579334  35.9278
637612102  35.1228
637644870  34.4893
637579338  39.3013
637612106  38.1163
637644874  36.9516
637587526  35.9278
637620294  35.1228
637653062  34.4893
637587530  39.3013
637620298  38.1163
637653066  36.9516
637571270  35.9278
637604038  35.1228
637636806  34.4893
637571274  39.3013
637604042  38.1163
637636810  36.9516
637579462  35.9278
637612230  35.1228
637644998  34.4893
637579466  39.3013
637612234  38.1163
637645002  36.9516
637587654  35.9278
637620422  35.1228
637653190  34.4893
637587658  39.3013
637620426  38.1163
637653194  36.9516
637571398  35.9278
637604166  35.1228
637636934  34.4893
637571402  39.3013
637604170  38.1163
637636938  36.9516
637579590  35.9278
637612358  35.1228
637645126  34.4893
637579594  39.3013
637612362  38.1163
637645130  36.9516
637587782  35.9278
637620550  35.1228
637653318  34.4893
637587786  39.3013
637620554  38.1163
637653322  36.9516
637571526  35.9278
637604294  35.1228
637637062  34.4893
637571530  39.3013
637604298  38.1163
637637066  36.9516
637579718  35.9278
637612486  35.1228
637645254  34.4893
637579722  39.3013
637612490  38.1163
637645258  36.9516
637587910  35.9278
637620678  35.1228
637653446  34.4893
637587914  39.3013
637620682  38.1163
637653450  36.9516
637571654  35.9278
637604422  35.1228
637637190  34.4893
637571658  39.3013
637604426  38.1163
637637194  36.9516
637579846  35.9278
637612614  35.1228
637645382  34.4893
637579850  39.3013
637612618  38.1163
637645386  36.9516
637588038  35.9278
637620806  35.1228
637653574  34.4893
637588042  39.3013
637620810  38.1163
637653578  36.9516
637571782  35.9278
637604550  35.1228
637637318  34.4893
637571786  39.3013
637604554  38.1163
637637322  36.9516
637579974  35.9278
637612742  35.1228
637645510  34.4893
637579978  39.3013
637612746  38.1163
637645514  36.9516
637588166  35.9278
637620934  35.1228
637653702  34.4893
637588170  39.3013
637620938  38.1163
637653706  36.9516
637575238  36.0602
637608006  35.2581
637640774  34.6272
637575242  39.4223
637608010  38.2411
637640778  37.0803
637583430  36.0602
637616198  35.2581
637648966  34.6272
637583434  39.4223
637616202  38.2411
637648970  37.0803
637567174  36.0602
637599942  35.2581
637632710  34.6272
637567178  39.4223
637599946  38.2411
637632714  37.0803
637575366  36.0602
637608134  35.2581
637640902  34.6272
637575370  39.4223
637608138  38.2411
637640906  37.0803
637583558  36.0602
637616326  35.2581
637649094  34.6272
637583562  39.4223
637616330  38.2411
637649098  37.0803
637567302  36.0602
637600070  35.2581
637632838  34.6272
637567306  39.4223
637600074  38.2411
637632842  37.0803
637575494  36.0602
637608262  35.2581
637641030  34.6272
637575498  39.4223
637608266  38.2411
637641034  37.0803
637583686  36.0602
637616454  35.2581
637649222  34.6272
637583690  39.4223
637616458  38.2411
637649226  37.0803
637567430  36.0602
637600198  35.2581
637632966  34.6272
637567434  39.4223
637600202  38.2411
637632970  37.0803
637575622  36.0602
637608390  35.2581
637641158  34.6272
637575626  39.4223
637608394  38.2411
637641162  37.0803
637583814  36.0602
637616582  35.2581
637649350  34.6272
637583818  39.4223
637616586  38.2411
637649354  37.0803
637567558  36.0602
637600326  35.2581
637633094  34.6272
637567562  39.4223
637600330  38.2411
637633098  37.0803
637575750  36.0602
637608518  35.2581
637641286  34.6272
637575754  39.4223
637608522  38.2411
637641290  37.0803
637583942  36.0602
637616710  35.2581
637649478  34.6272
637583946  39.4223
637616714  38.2411
637649482  37.0803
637567686  36.0602
637600454  35.2581
637633222  34.6272
637567690  39.4223
637600458  38.2411
637633226  37.0803
637575878  36.0602
637608646  35.2581
637641414  34.6272
637575882  39.4223
637608650  38.2411
637641418  37.0803
637584070  36.0602
637616838  35.2581
637649606  34.6272
637584074  39.4223
637616842  38.2411
637649610  37.0803
637567046  36.0602
637599814  35.2581
637632582  34.6272
637567050  39.4223
637599818  38.2411
637632586  37.0803
637567042  33.7325
637599810  33.4181
637632578  33.1373
637665346  32.8909
637698114  32.6798
637575234  33.7325
637608002  33.4181
637640770  33.1373
637673538  32.8909
637706306  32.6798
637571266  33.7325
637604034  33.4181
637636802  33.1373
637669570  32.8909
637702338  32.6798
637567298  33.7325
637600066  33.4181
637632834  33.1373
637665602  32.8909
637698370  32.6798
637575490  33.7325
637608258  33.4181
637641026  33.1373
637673794  32.8909
637706562  32.6798
637571522  33.7325
637604290  33.4181
637637058  33.1373
637669826  32.8909
637702594  32.6798
637567554  33.7325
637600322  33.4181
637633090  33.1373
637665858  32.8909
637698626  32.6798
637575746  33.7325
637608514  33.4181
637641282  33.1373
637674050  32.8909
637706818  32.6798
637571778  33.7325
637604546  33.4181
637637314  33.1373
637670082  32.8909
637702850  32.6798
637571138  33.8725
637603906  33.5594
637636674  33.2798
637669442  33.0345
637702210  32.8243
637567170  33.8725
637599938  33.5594
637632706  33.2798
637665474  33.0345
637698242  32.8243
637575362  33.8725
637608130  33.5594
637640898  33.2798
637673666  33.0345
637706434  32.8243
637571394  33.8725
637604162  33.5594
637636930  33.2798
637669698  33.0345
637702466  32.8243
637567426  33.8725
637600194  33.5594
637632962  33.2798
637665730  33.0345
637698498  32.8243
637575618  33.8725
637608386  33.5594
637641154  33.2798
637673922  33.0345
637706690  32.8243
637571650  33.8725
637604418  33.5594
637637186  33.2798
637669954  33.0345
637702722  32.8243
637567682  33.8725
637600450  33.5594
637633218  33.2798
637665986  33.0345
637698754  32.8243
637575874  33.8725
637608642  33.5594
637641410  33.2798
637674178  33.0345
637706946  32.8243
637571174  38.6707
637603942  37.9239
637636710  37.338
637571178  41.8235
637603946  40.712
637636714  39.6237
637579366  38.6707
637612134  37.9239
637644902  37.338
637579370  41.8235
637612138  40.712
637644906  39.6237
637587558  38.6707
637620326  37.9239
637653094  37.338
637587562  41.8235
637620330  40.712
637653098  39.6237
637571302  38.6707
637604070  37.9239
637636838  37.338
637571306  41.8235
637604074  40.712
637636842  39.6237
637579494  38.6707
637612262  37.9239
637645030  37.338
637579498  41.8235
637612266  40.712
637645034  39.6237
637587686  38.6707
637620454  37.9239
637653222  37.338
637587690  41.8235
637620458  40.712
637653226  39.6237
637571430  38.6707
637604198  37.9239
637636966  37.338
637571434  41.8235
637604202  40.712
637636970  39.6237
637579622  38.6707
637612390  37.9239
637645158  37.338
637579626  41.8235
637612394  40.712
637645162  39.6237
637587814  38.6707
637620582  37.9239
637653350  37.338
637587818  41.8235
637620586  40.712
637653354  39.6237
637571558  38.6707
637604326  37.9239
637637094  37.338
637571562  41.8235
637604330  40.712
637637098  39.6237
637579750  38.6707
637612518  37.9239
637645286  37.338
637579754  41.8235
637612522  40.712
637645290  39.6237
637587942  38.6707
637620710  37.9239
637653478  37.338
637587946  41.8235
637620714  40.712
637653482  39.6237
637571686  38.6707
637604454  37.9239
637637222  37.338
637571690  41.8235
637604458  40.712
637637226  39.6237
637579878  38.6707
637612646  37.9239
637645414  37.338
637579882  41.8235
637612650  40.712
637645418  39.6237
637588070  38.6707
637620838  37.9239
637653606  37.338
637588074  41.8235
637620842  40.712
637653610  39.6237
637571814  38.6707
637604582  37.9239
637637350  37.338
637571818  41.8235
637604586  40.712
637637354  39.6237
637580006  38.6707
637612774  37.9239
637645542  37.338
637580010  41.8235
637612778  40.712
637645546  39.6237
637588198  38.6707
637620966  37.9239
637653734  37.338
637588202  41.8235
637620970  40.712
637653738  39.6237
637575270  38.8051
637608038  38.0609
637640806  37.4772
637575274  41.9478
637608042  40.8396
637640810  39.7548
637583462  38.8051
637616230  38.0609
637648998  37.4772
637583466  41.9478
637616234  40.8396
637649002  39.7548
637567206  38.8051
637599974  38.0609
637632742  37.4772
637567210  41.9478
637599978  40.8396
637632746  39.7548
637575398  38.8051
637608166  38.0609
637640934  37.4772
637575402  41.9478
637608170  40.8397
637640938  39.7548
637583590  38.8051
637616358  38.0609
637649126  37.4772
637583594  41.9478
637616362  40.8397
637649130  39.7548
637567334  38.8051
637600102  38.0609
637632870  37.4772
637567338  41.9478
637600106  40.8396
637632874  39.7548
637575526  38.8051
637608294  38.0609
637641062  37.4772
637575530  41.9478
637608298  40.8396
637641066  39.7548
637583718  38.8051
637616486  38.0609
637649254  37.4772
637583722  41.9478
637616490  40.8396
637649258  39.7548
637567462  38.8051
637600230  38.0609
637632998  37.4772
637567466  41.9478
637600234  40.8396
637633002  39.7548
637575654  38.8051
637608422  38.0609
637641190  37.4772
637575658  41.9478
637608426  40.8396
637641194  39.7548
637583846  38.8051
637616614  38.0609
637649382  37.4772
637583850  41.9478
637616618  40.8396
637649386  39.7548
637567590  38.8051
637600358  38.0609
637633126  37.4772
637567594  41.9478
637600362  40.8396
637633130  39.7548
637575782  38.8051
637608550  38.0609
637641318  37.4772
637575786  41.9478
637608554  40.8397
637641322  39.7548
637583974  38.8051
637616742  38.0609
637649510  37.4772
637583978  41.9478
637616746  40.8397
637649514  39.7548
637567718  38.8051
637600486  38.0609
637633254  37.4772
637567722  41.9478
637600490  40.8396
637633258  39.7548
637575910  38.8051
637608678  38.0609
637641446  37.4772
637575914  41.9478
637608682  40.8396
637641450  39.7548
637584102  38.8051
637616870  38.0609
637649638  37.4772
637584106  41.9478
637616874  40.8396
637649642  39.7548
637567078  38.8051
637599846  38.0609
637632614  37.4772
637567082  41.9478
637599850  40.8396
637632618  39.7548
637567074  36.6683
637599842  36.4109
637632610  36.177
637665378  35.967
637698146  35.7815
637575266  36.6683
637608034  36.4109
637640802  36.177
637673570  35.967
637706338  35.7815
637571298  36.6683
637604066  36.4109
637636834  36.177
637669602  35.967
637702370  35.7815
637567330  36.6683
637600098  36.4109
637632866  36.177
637665634  35.967
637698402  35.7815
637575522  36.6683
637608290  36.4109
637641058  36.177
637673826  35.967
637706594  35.7815
637571554  36.6683
637604322  36.4109
637637090  36.177
637669858  35.967
637702626  35.7815
637567586  36.6683
637600354  36.4109
637633122  36.177
637665890  35.967
637698658  35.7815
637575778  36.6683
637608546  36.4109
637641314  36.177
637674082  35.967
637706850  35.7815
637571810  36.6683
637604578  36.4109
637637346  36.177
637670114  35.967
637702882  35.7815
637571170  36.8092
637603938  36.5527
637636706  36.3198
637669474  36.1106
637702242  35.9258
637567202  36.8092
637599970  36.5527
637632738  36.3198
637665506  36.1106
637698274  35.9258
637575394  36.8092
637608162  36.5527
637640930  36.3198
637673698  36.1106
637706466  35.9258
637571426  36.8092
637604194  36.5527
637636962  36.3198
637669730  36.1106
637702498  35.9258
637567458  36.8092
637600226  36.5527
637632994  36.3198
637665762  36.1106
637698530  35.9258
637575650  36.8092
637608418  36.5527
637641186  36.3198
637673954  36.1106
637706722  35.9258
637571682  36.8092
637604450  36.5527
637637218  36.3198
637669986  36.1106
637702754  35.9258
637567714  36.8092
637600482  36.5527
637633250  36.3198
637666018  36.1106
637698786  35.9258
637575906  36.8092
637608674  36.5527
637641442  36.3198
637674210  36.1106
637706978  35.9258
637583620  28.2193
637616388  27.3653
637649156  26.4224
637575428  28.2193
637608196  27.3653
637640964  26.4224
637567236  28.2193
637600004  27.3653
637632772  26.4224
637583492  28.2193
637616260  27.3653
637649028  26.4224
637575300  28.2193
637608068  27.3653
637640836  26.4224
637567108  28.2193
637599876  27.3653
637632644  26.4224
637583364  28.2193
637616132  27.3653
637648900  26.4224
637575172  28.2193
637607940  27.3653
637640708  26.4224
637566980  28.2193
637599748  27.3653
637632516  26.4224
637584004  28.2193
637616772  27.3653
637649540  26.4224
637575812  28.2193
637608580  27.3653
637641348  26.4224
637567620  28.2193
637600388  27.3653
637633156  26.4224
637583876  28.2193
637616644  27.3653
637649412  26.4224
637575684  28.2193
637608452  27.3653
637641220  26.4224
637567492  28.2193
637600260  27.3653
637633028  26.4224
637583748  28.2193
637616516  27.3653
637649284  26.4224
637575556  28.2193
637608324  27.3653
637641092  26.4224
637567364  28.2193
637600132  27.3653
637632900  26.4224
637587716  27.3367
637620484  26.4542
637653252  25.4776
637579524  27.3367
637612292  26.4542
637645060  25.4776
637571332  27.3367
637604100  26.4542
637636868  25.4776
637587588  27.3367
637620356  26.4542
637653124  25.4776
637579396  27.3367
637612164  26.4542
637644932  25.4776
637571204  27.3367
637603972  26.4542
637636740  25.4776
637587460  27.3367
637620228  26.4542
637652996  25.4776
637579268  27.3367
637612036  26.4542
637644804  25.4776
637571076  27.3367
637603844  26.4542
637636612  25.4776
637588100  27.3367
637620868  26.4542
637653636  25.4776
637579908  27.3367
637612676  26.4542
637645444  25.4776
637571716  27.3367
637604484  26.4542
637637252  25.4776
637587972  27.3367
637620740  26.4542
637653508  25.4776
637579780  27.3367
637612548  26.4542
637645316  25.4776
637571588  27.3367
637604356  26.4542
637637124  25.4776
637587844  27.3367
637620612  26.4542
637653380  25.4776
637579652  27.3367
637612420  26.4542
637645188  25.4776
637571460  27.3367
637604228  26.4542
637636996  25.4776
637587720  32.4978
637620488  31.1932
637653256  29.804
637579528  32.4978
637612296  31.1932
637645064  29.804
637571336  32.4978
637604104  31.1932
637636872  29.804
637587592  32.4978
637620360  31.1932
637653128  29.804
637579400  32.4978
637612168  31.1932
637644936  29.804
637571208  32.4978
637603976  31.1932
637636744  29.804
637587464  32.4978
637620232  31.1932
637653000  29.804
637579272  32.4978
637612040  31.1932
637644808  29.804
637571080  32.4978
637603848  31.1932
637636616  29.804
637588104  32.4978
637620872  31.1932
637653640  29.804
637579912  32.4978
637612680  31.1932
637645448  29.804
637571720  32.4978
637604488  31.1932
637637256  29.804
637587976  32.4978
637620744  31.1932
637653512  29.804
637579784  32.4978
637612552  31.1932
637645320  29.804
637571592  32.4978
637604360  31.1932
637637128  29.804
637587848  32.4978
637620616  31.1932
637653384  29.804
637579656  32.4978
637612424  31.1932
637645192  29.804
637571464  32.4978
637604232  31.1932
637637000  29.804
637583624  32.6057
637616392  31.3056
637649160  29.9216
637575432  32.6057
637608200  31.3056
637640968  29.9216
637567240  32.6057
637600008  31.3056
637632776  29.9216
637583496  32.6057
637616264  31.3056
637649032  29.9216
637575304  32.6057
637608072  31.3056
637640840  29.9216
637567112  32.6057
637599880  31.3056
637632648  29.9216
637583368  32.6057
637616136  31.3056
637648904  29.9216
637575176  32.6057
637607944  31.3056
637640712  29.9216
637566984  32.6057
637599752  31.3056
637632520  29.9216
637584008  32.6057
637616776  31.3056
637649544  29.9216
637575816  32.6057
637608584  31.3056
637641352  29.9216
637567624  32.6057
637600392  31.3056
637633160  29.9216
637583880  32.6057
637616648  31.3056
637649416  29.9216
637575688  32.6057
637608456  31.3056
637641224  29.9216
637567496  32.6057
637600264  31.3056
637633032  29.9216
637583752  32.6057
637616520  31.3056
637649288  29.9216
637575560  32.6057
637608328  31.3056
637641096  29.9216
637567368  32.6057
637600136  31.3056
637632904  29.9216
637587748  30.5694
637620516  29.619
637653284  28.865
637587752  34.4713
637620520  33.1139
637653288  31.7663
637579556  30.5694
637612324  29.619
637645092  28.865
637579560  34.4713
637612328  33.1139
637645096  31.7663
637571364  30.5694
637604132  29.619
637636900  28.865
637571368  34.4713
637604136  33.1139
637636904  31.7663
637587620  30.5694
637620388  29.619
637653156  28.865
637587624  34.4713
637620392  33.1139
637653160  31.7663
637579428  30.5694
637612196  29.619
637644964  28.865
637579432  34.4713
637612200  33.1139
637644968  31.7663
637571236  30.5694
637604004  29.619
637636772  28.865
637571240  34.4713
637604008  33.1139
637636776  31.7663
637587492  30.5694
637620260  29.619
637653028  28.865
637587496  34.4713
637620264  33.1139
637653032  31.7663
637579300  30.5694
637612068  29.619
637644836  28.865
637579304  34.4713
637612072  33.1139
637644840  31.7663
637571108  30.5694
637603876  29.619
637636644  28.865
637571112  34.4713
637603880  33.1139
637636648  31.7663
637588132  30.5694
637620900  29.619
637653668  28.865
637588136  34.4713
637620904  33.1139
637653672  31.7663
637579940  30.5694
637612708  29.619
637645476  28.865
637579944  34.4713
637612712  33.1139
637645480  31.7663
637571748  30.5694
637604516  29.619
637637284  28.865
637571752  34.4713
637604520  33.1139
637637288  31.7663
637588004  30.5694
637620772  29.619
637653540  28.865
637588008  34.4713
637620776  33.1139
637653544  31.7663
637579812  30.5694
637612580  29.619
637645348  28.865
637579816  34.4713
637612584  33.1139
637645352  31.7663
637571620  30.5694
637604388  29.619
637637156  28.865
637571624  34.4713
637604392  33.1139
637637160  31.7663
637587876  30.5694
637620644  29.619
637653412  28.865
637587880  34.4713
637620648  33.1139
637653416  31.7663
637579684  30.5694
637612452  29.619
637645220  28.865
637579688  34.4713
637612456  33.1139
637645224  31.7663
637571492  30.5694
637604260  29.619
637637028  28.865
637571496  34.4713
637604264  33.1139
637637032  31.7663
637583652  30.6958
637616420  29.7495
637649188  28.9989
637583656  34.5834
637616424  33.2306
637649192  31.888
637575460  30.6958
637608228  29.7495
637640996  28.9989
637575464  34.5834
637608232  33.2306
637641000  31.888
637567268  30.6958
637600036  29.7495
637632804  28.9989
637567272  34.5834
637600040  33.2306
637632808  31.888
637583524  30.6958
637616292  29.7495
637649060  28.9989
637583528  34.5834
637616296  33.2307
637649064  31.888
637575332  30.6958
637608100  29.7495
637640868  28.9989
637575336  34.5834
637608104  33.2307
637640872  31.888
637567140  30.6958
637599908  29.7495
637632676  28.9989
637567144  34.5834
637599912  33.2306
637632680  31.888
637583396  30.6958
637616164  29.7495
637648932  28.9989
637583400  34.5834
637616168  33.2306
637648936  31.888
637575204  30.6958
637607972  29.7495
637640740  28.9989
637575208  34.5834
637607976  33.2306
637640744  31.888
637567012  30.6958
637599780  29.7495
637632548  28.9989
637567016  34.5834
637599784  33.2306
637632552  31.888
637584036  30.6958
637616804  29.7495
637649572  28.9989
637584040  34.5834
637616808  33.2306
637649576  31.888
637575844  30.6958
637608612  29.7495
637641380  28.9989
637575848  34.5834
637608616  33.2306
637641384  31.888
637567652  30.6958
637600420  29.7495
637633188  28.9989
637567656  34.5834
637600424  33.2306
637633192  31.888
637583908  30.6958
637616676  29.7495
637649444  28.9989
637583912  34.5834
637616680  33.2307
637649448  31.888
637575716  30.6958
637608484  29.7495
637641252  28.9989
637575720  34.5834
637608488  33.2307
637641256  31.888
637567524  30.6958
637600292  29.7495
637633060  28.9989
637567528  34.5834
637600296  33.2306
637633064  31.888
637583780  30.6958
637616548  29.7495
637649316  28.9989
637583784  34.5834
637616552  33.2306
637649320  31.888
637575588  30.6958
637608356  29.7495
637641124  28.9989
637575592  34.5834
637608360  33.2306
637641128  31.888
637567396  30.6958
637600164  29.7495
637632932  28.9989
637567400  34.5834
637600168  33.2306
637632936  31.888
637587780  35.9278
637620548  35.1228
637653316  34.4893
637587784  39.3013
637620552  38.1163
637653320  36.9516
637579588  35.9278
637612356  35.1228
637645124  34.4893
637579592  39.3013
637612360  38.1163
637645128  36.9516
637571396  35.9278
637604164  35.1228
637636932  34.4893
637571400  39.3013
637604168  38.1163
637636936  36.9516
637587652  35.9278
637620420  35.1228
637653188  34.4893
637587656  39.3013
637620424  38.1163
637653192  36.9516
637579460  35.9278
637612228  35.1228
637644996  34.4893
637579464  39.3013
637612232  38.1163
637645000  36.9516
637571268  35.9278
637604036  35.1228
637636804  34.4893
637571272  39.3013
637604040  38.1163
637636808  36.9516
637587524  35.9278
637620292  35.1228
637653060  34.4893
637587528  39.3013
637620296  38.1163
637653064  36.9516
637579332  35.9278
637612100  35.1228
637644868  34.4893
637579336  39.3013
637612104  38.1163
637644872  36.9516
637571140  35.9278
637603908  35.1228
637636676  34.4893
637571144  39.3013
637603912  38.1163
637636680  36.9516
637588164  35.9278
637620932  35.1228
637653700  34.4893
637588168  39.3013
637620936  38.1163
637653704  36.9516
637579972  35.9278
637612740  35.1228
637645508  34.4893
637579976  39.3013
637612744  38.1163
637645512  36.9516
637571780  35.9278
637604548  35.1228
637637316  34.4893
637571784  39.3013
637604552  38.1163
637637320  36.9516
637588036  35.9278
637620804  35.1228
637653572  34.4893
637588040  39.3013
637620808  38.1163
637653576  36.9516
637579844  35.9278
637612612  35.1228
637645380  34.4893
637579848  39.3013
637612616  38.1163
637645384  36.9516
637571652  35.9278
637604420  35.1228
637637188  34.4893
637571656  39.3013
637604424  38.1163
637637192  36.9516
637587908  35.9278
637620676  35.1228
637653444  34.4893
637587912  39.3013
637620680  38.1163
637653448  36.9516
637579716  35.9278
637612484  35.1228
637645252  34.4893
637579720  39.3013
637612488  38.1163
637645256  36.9516
637571524  35.9278
637604292  35.1228
637637060  34.4893
637571528  39.3013
637604296  38.1163
637637064  36.9516
637583684  36.0602
637616452  35.2581
637649220  34.6272
637583688  39.4223
637616456  38.2411
637649224  37.0803
637575492  36.0602
637608260  35.2581
637641028  34.6272
637575496  39.4223
637608264  38.2411
637641032  37.0803
637567300  36.0602
637600068  35.2581
637632836  34.6272
637567304  39.4223
637600072  38.2411
637632840  37.0803
637583556  36.0602
637616324  35.2581
637649092  34.6272
637583560  39.4223
637616328  38.2411
637649096  37.0803
637575364  36.0602
637608132  35.2581
637640900  34.6272
637575368  39.4223
637608136  38.2411
637640904  37.0803
637567172  36.0602
637599940  35.2581
637632708  34.6272
637567176  39.4223
637599944  38.2411
637632712  37.0803
637583428  36.0602
637616196  35.2581
637648964  34.6272
637583432  39.4223
637616200  38.2411
637648968  37.0803
637575236  36.0602
637608004  35.2581
637640772  34.6272
637575240  39.4223
637608008  38.2411
637640776  37.0803
637567044  36.0602
637599812  35.2581
637632580  34.6272
637567048  39.4223
637599816  38.2411
637632584  37.0803
637584068  36.0602
637616836  35.2581
637649604  34.6272
637584072  39.4223
637616840  38.2411
637649608  37.0803
637575876  36.0602
637608644  35.2581
637641412  34.6272
637575880  39.4223
637608648  38.2411
637641416  37.0803
637567684  36.0602
637600452  35.2581
637633220  34.6272
637567688  39.4223
637600456  38.2411
637633224  37.0803
637583940  36.0602
637616708  35.2581
637649476  34.6272
637583944  39.4223
637616712  38.2411
637649480  37.0803
637575748  36.0602
637608516  35.2581
637641284  34.6272
637575752  39.4223
637608520  38.2411
637641288  37.0803
637567556  36.0602
637600324  35.2581
637633092  34.6272
637567560  39.4223
637600328  38.2411
637633096  37.0803
637583812  36.0602
637616580  35.2581
637649348  34.6272
637583816  39.4223
637616584  38.2411
637649352  37.0803
637575620  36.0602
637608388  35.2581
637641156  34.6272
637575624  39.4223
637608392  38.2411
637641160  37.0803
637567428  36.0602
637600196  35.2581
637632964  34.6272
637567432  39.4223
637600200  38.2411
637632968  37.0803
637575488  33.7325
637608256  33.4181
637641024  33.1373
637673792  32.8909
637706560  32.6798
637567296  33.7325
637600064  33.4181
637632832  33.1373
637665600  32.8909
637698368  32.6798
637571264  33.7325
637604032  33.4181
637636800  33.1373
637669568  32.8909
637702336  32.6798
637575232  33.7325
637608000  33.4181
637640768  33.1373
637673536  32.8909
637706304  32.6798
637567040  33.7325
637599808  33.4181
637632576  33.1373
637665344  32.8909
637698112  32.6798
637571776  33.7325
637604544  33.4181
637637312  33.1373
637670080  32.8909
637702848  32.6798
637575744  33.7325
637608512  33.4181
637641280  33.1373
637674048  32.8909
637706816  32.6798
637567552  33.7325
637600320  33.4181
637633088  33.1373
637665856  32.8909
637698624  32.6798
637571520  33.7325
637604288  33.4181
637637056  33.1373
637669824  32.8909
637702592  32.6798
637571392  33.8725
637604160  33.5594
637636928  33.2798
637669696  33.0345
637702464  32.8243
637575360  33.8725
637608128  33.5594
637640896  33.2798
637673664  33.0345
637706432  32.8243
637567168  33.8725
637599936  33.5594
637632704  33.2798
637665472  33.0345
637698240  32.8243
637571136  33.8725
637603904  33.5594
637636672  33.2798
637669440  33.0345
637702208  32.8243
637575872  33.8725
637608640  33.5594
637641408  33.2798
637674176  33.0345
637706944  32.8243
637567680  33.8725
637600448  33.5594
637633216  33.2798
637665984  33.0345
637698752  32.8243
637571648  33.8725
637604416  33.5594
637637184  33.2798
637669952  33.0345
637702720  32.8243
637575616  33.8725
637608384  33.5594
637641152  33.2798
637673920  33.0345
637706688  32.8243
637567424  33.8725
637600192  33.5594
637632960  33.2798
637665728  33.0345
637698496  32.8243
637587812  38.6707
637620580  37.9239
637653348  37.338
637587816  41.8235
637620584  40.712
637653352  39.6237
637579620  38.6707
637612388  37.9239
637645156  37.338
637579624  41.8235
637612392  40.712
637645160  39.6237
637571428  38.6707
637604196  37.9239
637636964  37.338
637571432  41.8235
637604200  40.712
637636968  39.6237
637587684  38.6707
637620452  37.9239
637653220  37.338
637587688  41.8235
637620456  40.712
637653224  39.6237
637579492  38.6707
637612260  37.9239
637645028  37.338
637579496  41.8235
637612264  40.712
637645032  39.6237
637571300  38.6707
637604068  37.9239
637636836  37.338
637571304  41.8235
637604072  40.712
637636840  39.6237
637587556  38.6707
637620324  37.9239
637653092  37.338
637587560  41.8235
637620328  40.712
637653096  39.6237
637579364  38.6707
637612132  37.9239
637644900  37.338
637579368  41.8235
637612136  40.712
637644904  39.6237
637571172  38.6707
637603940  37.9239
637636708  37.338
637571176  41.8235
637603944  40.712
637636712  39.6237
637588196  38.6707
637620964  37.9239
637653732  37.338
637588200  41.8235
637620968  40.712
637653736  39.6237
637580004  38.6707
637612772  37.9239
637645540  37.338
637580008  41.8235
637612776  40.712
637645544  39.6237
637571812  38.6707
637604580  37.9239
637637348  37.338
637571816  41.8235
637604584  40.712
637637352  39.6237
637588068  38.6707
637620836  37.9239
637653604  37.338
637588072  41.8235
637620840  40.712
637653608  39.6237
637579876  38.6707
637612644  37.9239
637645412  37.338
637579880  41.8235
637612648  40.712
637645416  39.6237
637571684  38.6707
637604452  37.9239
637637220  37.338
637571688  41.8235
637604456  40.712
637637224  39.6237
637587940  38.6707
637620708  37.9239
637653476  37.338
637587944  41.8235
637620712  40.712
637653480  39.6237
637579748  38.6707
637612516  37.9239
637645284  37.338
637579752  41.8235
637612520  40.712
637645288  39.6237
637571556  38.6707
637604324  37.9239
637637092  37.338
637571560  41.8235
637604328  40.712
637637096  39.6237
637583716  38.8051
637616484  38.0609
637649252  37.4772
637583720  41.9478
637616488  40.8396
637649256  39.7548
637575524  38.8051
637608292  38.0609
637641060  37.4772
637575528  41.9478
637608296  40.8396
637641064  39.7548
637567332  38.8051
637600100  38.0609
637632868  37.4772
637567336  41.9478
637600104  40.8396
637632872  39.7548
637583588  38.8051
637616356  38.0609
637649124  37.4772
637583592  41.9478
637616360  40.8397
637649128  39.7548
637575396  38.8051
637608164  38.0609
637640932  37.4772
637575400  41.9478
637608168  40.8397
637640936  39.7548
637567204  38.8051
637599972  38.0609
637632740  37.4772
637567208  41.9478
637599976  40.8396
637632744  39.7548
637583460  38.8051
637616228  38.0609
637648996  37.4772
637583464  41.9478
637616232  40.8396
637649000  39.7548
637575268  38.8051
637608036  38.0609
637640804  37.4772
637575272  41.9478
637608040  40.8396
637640808  39.7548
637567076  38.8051
637599844  38.0609
637632612  37.4772
637567080  41.9478
637599848  40.8396
637632616  39.7548
637584100  38.8051
637616868  38.0609
637649636  37.4772
637584104  41.9478
637616872  40.8396
637649640  39.7548
637575908  38.8051
637608676  38.0609
637641444  37.4772
637575912  41.9478
637608680  40.8396
637641448  39.7548
637567716  38.8051
637600484  38.0609
637633252  37.4772
637567720  41.9478
637600488  40.8396
637633256  39.7548
637583972  38.8051
637616740  38.0609
637649508  37.4772
637583976  41.9478
637616744  40.8397
637649512  39.7548
637575780  38.8051
637608548  38.0609
637641316  37.4772
637575784  41.9478
637608552  40.8397
637641320  39.7548
637567588  38.8051
637600356  38.0609
637633124  37.4772
637567592  41.9478
637600360  40.8396
637633128  39.7548
637583844  38.8051
637616612  38.0609
637649380  37.4772
637583848  41.9478
637616616  40.8396
637649384  39.7548
637575652  38.8051
637608420  38.0609
637641188  37.4772
637575656  41.9478
637608424  40.8396
637641192  39.7548
637567460  38.8051
637600228  38.0609
637632996  37.4772
637567464  41.9478
637600232  40.8396
637633000  39.7548
637575520  36.6683
637608288  36.4109
637641056  36.177
637673824  35.967
637706592  35.7815
637567328  36.6683
637600096  36.4109
637632864  36.177
637665632  35.967
637698400  35.7815
637571296  36.6683
637604064  36.4109
637636832  36.177
637669600  35.967
637702368  35.7815
637575264  36.6683
637608032  36.4109
637640800  36.177
637673568  35.967
637706336  35.7815
637567072  36.6683
637599840  36.4109
637632608  36.177
637665376  35.967
637698144  35.7815
637571808  36.6683
637604576  36.4109
637637344  36.177
637670112  35.967
637702880  35.7815
637575776  36.6683
637608544  36.4109
637641312  36.177
637674080  35.967
637706848  35.7815
637567584  36.6683
637600352  36.4109
637633120  36.177
637665888  35.967
637698656  35.7815
637571552  36.6683
637604320  36.4109
637637088  36.177
637669856  35.967
637702624  35.7815
637571424  36.8092
637604192  36.5527
637636960  36.3198
637669728  36.1106
637702496  35.9258
637575392  36.8092
637608160  36.5527
637640928  36.3198
637673696  36.1106
637706464  35.9258
637567200  36.8092
637599968  36.5527
637632736  36.3198
637665504  36.1106
637698272  35.9258
637571168  36.8092
637603936  36.5527
637636704  36.3198
637669472  36.1106
637702240  35.9258
637575904  36.8092
637608672  36.5527
637641440  36.3198
637674208  36.1106
637706976  35.9258
637567712  36.8092
637600480  36.5527
637633248  36.3198
637666016  36.1106
637698784  35.9258
637571680  36.8092
637604448  36.5527
637637216  36.3198
637669984  36.1106
637702752  35.9258
637575648  36.8092
637608416  36.5527
637641184  36.3198
637673952  36.1106
637706720  35.9258
637567456  36.8092
637600224  36.5527
637632992  36.3198
637665760  36.1106
637698528  35.9258
